,resultspower
0,476.49033
1,444.63544
2,435.5746
3,454.71548
4,469.82803
5,466.9388
6,444.4564
7,466.48373
8,433.6243
9,481.4532
10,433.42365
11,450.70938
12,434.09045
13,478.23053
14,462.3928
15,447.25064
16,460.83798
17,470.8159
18,476.02988
19,450.75308
20,462.90823
21,429.3195
22,439.44336
23,479.73282
24,468.4683
25,483.78183
26,438.20016
27,477.83337
28,448.95724
29,438.4334
30,467.13083
31,449.8055
32,479.18274
33,433.3054
34,433.29263
35,463.4117
36,441.97058
37,438.9819
38,478.56403
39,444.12555
40,432.85492
41,445.85666
42,461.83163
43,439.4108
44,456.91873
45,436.94147
46,461.22482
47,446.20963
48,478.3461
49,439.7665
50,445.10507
51,433.89346
52,459.53134
53,435.7009
54,432.74463
55,461.5908
56,475.9765
57,442.32974
58,462.00433
59,434.608
60,443.38477
61,437.16257
62,463.6952
63,432.074
64,433.3149
65,435.83066
66,483.55038
67,465.14502
68,456.68774
69,437.1266
70,440.05856
71,429.80038
72,449.3228
73,471.92972
74,473.8573
75,448.76797
76,431.83313
77,433.18582
78,433.67102
79,435.5045
80,458.68222
81,433.20602
82,436.1343
83,457.6237
84,464.91452
85,480.5798
86,440.57477
87,434.19785
88,480.94202
89,435.38474
90,441.18787
91,439.7717
92,466.91913
93,455.07626
94,442.53528
95,438.81778
96,452.51822
97,483.4423
98,433.79318
99,478.7903
100,461.53653
101,435.43872
102,445.11227
103,470.17847
104,475.0058
105,473.7094
106,435.69858
107,436.78583
108,433.24692
109,452.2836
110,452.81778
111,442.92084
112,451.16086
113,447.56876
114,476.6398
115,437.68234
116,441.61227
117,446.8786
118,448.29562
119,454.3667
120,463.3655
121,468.63776
122,440.16592
123,451.6504
124,445.44656
125,457.78952
126,454.7211
127,464.55695
128,465.95895
129,433.3373
130,469.47665
131,437.23087
132,456.29013
133,481.24243
134,477.48828
135,450.79272
136,461.18784
137,476.17267
138,450.41385
139,475.57974
140,480.81445
141,469.2014
142,445.1457
143,465.7773
144,436.26474
145,470.13327
146,467.59818
147,444.0859
148,471.7189
149,447.67746
150,475.63382
151,460.02603
152,454.1544
153,476.72183
154,473.0209
155,463.74
156,461.3494
157,444.55234
158,458.19318
159,451.90558
160,469.49078
161,436.41815
162,463.7394
163,467.63348
164,467.66452
165,435.9958
166,448.42728
167,471.7856
168,455.00256
169,461.20084
170,444.87738
171,438.5338
172,467.78125
173,461.36874
174,453.07693
175,436.29733
176,467.76807
177,465.4997
178,431.84866
179,436.6733
180,432.19553
181,440.1357
182,474.77197
183,465.34396
184,467.0733
185,475.6345
186,435.7043
187,440.21695
188,477.46637
189,443.91714
190,449.77533
191,449.56815
192,467.8139
193,444.89664
194,481.77432
195,452.962
196,447.05203
197,444.9477
198,435.61237
199,474.4418
200,438.5929
201,442.64322
202,456.52557
203,435.27396
204,466.76944
205,463.99167
206,437.40967
207,481.45346
208,482.56625
209,475.1486
210,466.40756
211,435.80948
212,482.58884
213,436.7707
214,442.85294
215,461.4363
216,435.6575
217,439.58353
218,470.94302
219,446.24304
220,451.34235
221,448.41183
222,442.13327
223,441.11642
224,461.63614
225,453.84528
226,466.05856
227,450.2534
228,446.75613
229,476.5309
230,435.19974
231,431.10306
232,455.9493
233,436.11264
234,474.02386
235,459.7342
236,466.66324
237,433.76886
238,458.3505
239,477.77673
240,437.5748
241,446.77383
242,437.7391
243,434.73352
244,457.71555
245,467.10593
246,472.50034
247,454.3905
248,441.24612
249,449.7238
250,447.0232
251,437.4777
252,474.75912
253,460.9518
254,444.02264
255,465.62534
256,438.53098
257,477.2974
258,468.69815
259,460.65555
260,432.51913
261,478.50162
262,450.6712
263,440.1694
264,451.71594
265,466.33932
266,474.28958
267,434.08517
268,461.52325
269,441.69836
270,443.406
271,433.4811
272,453.66812
273,432.62555
274,434.1743
275,436.10318
276,482.9512
277,432.4384
278,437.64224
279,472.06064
280,442.62924
281,472.7559
282,477.27304
283,467.4515
284,440.08182
285,480.0872
286,460.91336
287,433.75278
288,474.65622
289,435.09647
290,432.7126
291,452.8183
292,436.07596
293,436.30615
294,437.99365
295,486.28476
296,433.69064
297,465.66806
298,463.56924
299,475.99576
300,471.93512
301,478.99817
302,452.12595
303,479.09775
304,475.3288
305,455.04913
306,433.23953
307,465.4348
308,434.4183
309,464.50116
310,485.62643
311,473.54584
312,434.46457
313,462.3276
314,465.96378
315,448.421
316,449.05667
317,442.9059
318,482.0244
319,432.78098
320,442.33
321,440.76428
322,430.2716
323,441.98337
324,442.38406
325,439.89386
326,469.9307
327,447.12405
328,453.5767
329,475.15073
330,459.70526
331,480.26025
332,462.40262
333,445.6765
334,470.26425
335,438.38675
336,480.34702
337,473.87183
338,461.1448
339,454.53033
340,443.6619
341,430.50974
342,468.38803
343,434.0271
344,477.56567
345,472.30197
346,450.93216
347,484.72726
348,439.0069
349,466.9153
350,433.9059
351,452.8392
352,445.5028
353,476.21396
354,467.94824
355,449.9163
356,441.82822
357,455.5777
358,447.19016
359,454.80478
360,436.78903
361,450.12045
362,435.67734
363,475.55045
364,436.7808
365,449.62213
366,463.43213
367,437.36282
368,433.4138
369,448.33627
370,434.28412
371,468.01535
372,460.80502
373,447.11798
374,445.02298
375,433.48856
376,465.31586
377,462.81735
378,475.4194
379,463.56485
380,477.2484
381,465.88608
382,439.81583
383,448.35825
384,436.08136
385,433.0093
386,430.37485
387,465.6811
388,466.44067
389,470.74973
390,447.22318
391,433.55246
392,450.4932
393,443.83865
394,474.13528
395,440.3516
396,480.94846
397,485.25745
398,446.68433
399,474.8594
400,460.1105
401,458.52008
402,472.9968
403,478.6735
404,461.96432
405,473.40768
406,451.91623
407,477.1628
408,468.3834
409,442.45786
410,453.71457
411,462.1604
412,432.7814
413,477.37833
414,478.43573
415,441.08328
416,449.9133
417,443.6693
418,449.5586
419,439.60855
420,447.70163
421,452.05716
422,469.05557
423,445.87326
424,445.25967
425,480.56952
426,456.45248
427,438.29898
428,444.50977
429,472.5388
430,465.64618
431,436.80273
432,468.13232
433,433.34372
434,435.7836
435,436.8964
436,467.45728
437,481.65048
438,435.09317
439,446.94324
440,435.1857
441,451.2164
442,453.0718
443,473.07843
444,441.15555
445,478.31604
446,432.34006
447,441.92142
448,447.66092
449,466.6354
450,475.15823
451,458.4957
452,433.5582
453,453.8383
454,436.3378
455,448.6354
456,464.01352
457,477.1489
458,468.1968
459,472.32706
460,435.10034
461,466.45023
462,434.51865
463,436.3685
464,441.7698
465,467.16263
466,454.08023
467,444.004
468,441.57364
469,458.79715
470,466.05615
471,440.6044
472,448.99402
473,432.84592
474,456.0019
475,438.99478
476,454.34018
477,441.05344
478,473.80344
479,438.59326
480,444.22568
481,437.72076
482,478.29782
483,431.02524
484,433.63776
485,477.9968
486,462.1148
487,437.08136
488,437.69046
489,474.30212
490,436.61526
491,442.4801
492,480.0781
493,443.5433
494,444.48828
495,474.2625
496,463.4024
497,445.77682
498,432.64243
499,449.8281
500,437.48874
501,444.59274
502,476.03726
503,460.6738
504,480.58078
505,444.42343
506,434.83017
507,460.69418
508,449.0252
509,438.68082
510,461.55508
511,438.3425
512,470.04526
513,443.78928
514,479.34586
515,433.1321
516,459.50925
517,480.83838
518,478.19986
519,432.04898
520,437.8038
521,476.66873
522,466.24765
523,445.21567
524,433.36563
525,440.65106
526,471.49
527,437.4215
528,465.04102
529,442.52094
530,465.94415
531,459.50064
532,468.37045
533,461.8419
534,453.14563
535,484.1448
536,438.4852
537,466.9578
538,432.7037
539,468.28757
540,466.69733
541,444.17117
542,475.04468
543,433.7036
544,473.3711
545,438.96457
546,453.15604
547,439.3718
548,461.31076
549,434.57135
550,436.79672
551,470.93842
552,436.6148
553,461.80606
554,470.0872
555,449.8715
556,454.55087
557,479.95538
558,479.04794
559,478.5414
560,465.01492
561,477.8043
562,480.31683
563,480.361
564,472.08194
565,451.13766
566,432.142
567,437.28073
568,434.9072
569,469.4935
570,433.07632
571,444.4158
572,436.7286
573,448.67807
574,464.46603
575,475.6987
576,475.35214
577,481.01825
578,467.88693
579,441.17682
580,471.13272
581,434.3644
582,474.97873
583,458.80984
584,431.955
585,434.76633
586,435.35117
587,443.96048
588,474.33197
589,466.8771
590,458.68054
591,450.5612
592,433.04514
593,452.1337
594,438.2233
595,445.30902
596,431.45535
597,453.78397
598,446.52835
599,432.97067
600,437.17508
601,442.30923
602,433.38882
603,443.45816
604,468.1029
605,433.13187
606,469.50363
607,456.106
608,470.14847
609,449.18927
610,439.1099
611,440.23843
612,476.83118
613,452.62338
614,483.52454
615,445.1059
616,456.35095
617,481.15704
618,434.96207
619,431.78912
620,439.89178
621,444.545
622,482.564
623,440.16846
624,458.94498
625,473.41275
626,451.14188
627,454.04272
628,453.49512
629,467.5727
630,434.75165
631,436.59204
632,448.99487
633,435.0176
634,461.3946
635,456.65283
636,464.1947
637,444.70584
638,467.71756
639,449.16284
640,433.4177
641,445.2128
642,481.32425
643,471.74127
644,442.73868
645,475.64966
646,459.65146
647,444.80228
648,453.64185
649,478.69864
650,452.60245
651,433.46066
652,484.78476
653,463.90854
654,438.9428
655,434.93234
656,439.70993
657,466.98553
658,436.7336
659,443.52084
660,437.106
661,433.2642
662,441.35675
663,437.81735
664,435.44437
665,455.40866
666,458.68906
667,476.58298
668,473.72733
669,456.23123
670,454.8276
671,446.3835
672,445.52774
673,434.27563
674,469.27243
675,481.31946
676,458.10098
677,435.08646
678,441.72488
679,463.426
680,434.37598
681,460.44638
682,447.54337
683,431.82272
684,456.36838
685,437.8916
686,476.40906
687,465.20895
688,468.11844
689,472.4218
690,480.39243
691,482.64426
692,456.45663
693,462.2479
694,440.19476
695,431.9727
696,443.62317
697,446.3734
698,439.77512
699,470.94962
700,462.71902
701,435.28348
702,465.0206
703,435.5549
704,437.0259
705,445.26416
706,441.05905
707,453.94003
708,478.25443
709,480.66055
710,466.68845
711,451.5275
712,432.75748
713,468.0516
714,436.1299
715,468.1026
716,470.88684
717,435.4175
718,438.6743
719,438.47507
720,435.55966
721,448.3953
722,432.58267
723,460.9166
724,444.98224
725,441.16055
726,462.63712
727,440.19778
728,453.27164
729,478.68274
730,436.63345
731,440.1369
732,455.67276
733,473.00046
734,440.4995
735,469.0883
736,461.35144
737,464.18164
738,440.5296
739,462.96768
740,468.19772
741,456.1898
742,458.20706
743,463.18854
744,441.38138
745,441.09384
746,434.94266
747,474.0154
748,433.89
749,464.50644
750,450.63986
751,478.9988
752,435.34842
753,465.13406
754,475.08292
755,461.32217
756,454.612
757,440.22507
758,481.30478
759,443.89297
760,469.98514
761,477.8589
762,432.89133
763,445.4461
764,445.6022
765,476.433
766,462.34464
767,487.0787
768,442.65445
769,466.7734
770,437.70837
771,441.20724
772,472.54477
773,462.93448
774,444.55185
775,442.21402
776,452.50742
777,472.43997
778,435.75574
779,436.8277
780,447.70908
781,445.20407
782,443.96713
783,435.05917
784,449.68948
785,468.28436
786,439.55338
787,471.8651
788,442.00467
789,433.99466
790,443.2099
791,433.8087
792,476.28214
793,476.50192
794,435.52725
795,433.55673
796,449.64493
797,449.74487
798,467.93274
799,445.15036
800,432.48056
801,454.89877
802,447.571
803,471.2963
804,440.47156
805,474.76733
806,465.3013
807,449.21848
808,472.3509
809,451.80292
810,445.46368
811,452.392
812,441.8359
813,465.22824
814,452.7982
815,455.17108
816,440.99194
817,439.10995
818,448.56122
819,457.46088
820,446.82553
821,460.1011
822,466.66855
823,466.6467
824,477.0451
825,445.68466
826,437.04993
827,440.12704
828,437.1119
829,441.62607
830,434.03214
831,451.03278
832,438.07422
833,472.16928
834,470.12488
835,472.5157
836,436.09195
837,437.95523
838,435.68387
839,444.72336
840,432.63187
841,439.34238
842,444.19562
843,469.06497
844,474.8976
845,474.2591
846,472.81656
847,437.28336
848,471.44678
849,449.30222
850,446.09647
851,441.64395
852,440.7596
853,436.20792
854,454.02756
855,458.80838
856,463.60568
857,475.69846
858,444.4418
859,448.24124
860,437.03003
861,431.79623
862,464.89273
863,450.3324
864,463.36758
865,470.8268
866,438.493
867,453.1841
868,474.97693
869,475.83212
870,440.0059
871,458.2425
872,434.731
873,433.27625
874,440.3356
875,433.6894
876,431.09604
877,459.1852
878,433.74484
879,470.63553
880,430.81747
881,466.92218
882,443.15915
883,456.13797
884,441.59085
885,472.18573
886,434.78427
887,458.72818
888,447.70407
889,474.19406
890,464.40958
891,465.05646
892,439.3884
893,472.33304
894,436.66486
895,440.32812
896,434.6764
897,476.30865
898,460.31155
899,466.98367
900,434.76285
901,445.803
902,460.20358
903,468.11673
904,435.8643
905,475.37802
906,436.6686
907,462.329
908,450.2562
909,434.77634
910,464.82785
911,433.16708
912,473.00595
913,445.0903
914,431.247
915,450.29315
916,456.56308
917,442.8171
918,444.62595
919,475.7175
920,480.89053
921,466.78647
922,474.0855
923,476.37485
924,470.61136
925,465.49973
926,476.71664
927,458.0393
928,438.34476
929,469.31467
930,467.65506
931,462.46683
932,438.97205
933,432.307
934,433.21414
935,433.32837
936,478.2336
937,437.3198
938,434.7058
939,480.38098
940,472.85754
941,472.0009
942,464.80228
943,473.27505
944,458.0042
945,434.75125
946,432.95767
947,440.44708
948,442.68906
949,436.3533
950,453.50583
951,459.93814
952,446.10922
953,431.1879
954,447.01996
955,446.1448
956,471.30585
957,461.28506
958,436.36005
959,433.6672
960,433.86743
961,438.048
962,432.62216
963,466.41824
964,433.2208
965,434.34702
966,446.6476
967,437.74948
968,436.6058
969,437.42526
970,480.37045
971,433.0877
972,447.38742
973,467.66455
974,444.1152
975,431.0189
976,460.94803
977,483.22293
978,434.3237
979,438.8687
980,435.35748
981,478.86182
982,457.95898
983,432.96805
984,456.77
985,438.45016
986,443.45908
987,442.6516
988,471.30923
989,452.59784
990,434.53757
991,473.79782
992,463.65982
993,454.38425
994,481.0803
995,480.37708
996,434.881
997,443.23056
998,469.528
999,434.0422
1000,442.08487
1001,457.2409
1002,450.54108
1003,448.68323
1004,436.23755
1005,432.6249
1006,436.62637
1007,474.87216
1008,433.4153
1009,436.15726
1010,447.03568
1011,468.62222
1012,434.51425
1013,476.1439
1014,441.4714
1015,460.72452
1016,465.8297
1017,462.11014
1018,446.28928
1019,434.88596
1020,466.99356
1021,444.91165
1022,479.082
1023,472.9183
1024,466.08316
1025,461.58224
1026,454.981
1027,451.43143
1028,450.16763
1029,466.1732
1030,464.07303
1031,471.74127
1032,464.0001
1033,463.97134
1034,468.15594
1035,446.89578
1036,433.08267
1037,435.82938
1038,431.1838
1039,474.35474
1040,448.53625
1041,445.86102
1042,467.43094
1043,460.04745
1044,434.47025
1045,436.79337
1046,478.8987
1047,435.2314
1048,472.33963
1049,472.6703
1050,440.7248
1051,439.60483
1052,471.81375
1053,431.42236
1054,451.3138
1055,443.8594
1056,437.74246
1057,438.70084
1058,465.99155
1059,439.09723
1060,482.28336
1061,451.54904
1062,451.34933
1063,478.6769
1064,450.24875
1065,479.84488
1066,471.6378
1067,463.18137
1068,435.66928
1069,464.29813
1070,431.66385
1071,448.49008
1072,440.7481
1073,454.20554
1074,435.6349
1075,441.5413
1076,435.11618
1077,466.27383
1078,482.58536
1079,444.1668
1080,453.89557
1081,432.57907
1082,433.98602
1083,440.24844
1084,439.89038
1085,446.70425
1086,472.54004
1087,431.85675
1088,470.49796
1089,443.63223
1090,439.20563
1091,435.5582
1092,435.19894
1093,439.77145
1094,444.3582
1095,476.98978
1096,488.11697
1097,470.95605
1098,463.21292
1099,459.0417
1100,459.9113
1101,469.3257
1102,476.44193
1103,462.03787
1104,435.874
1105,449.95633
1106,465.0679
1107,436.09506
1108,448.73306
1109,441.72726
1110,433.29
1111,474.79245
1112,466.92065
1113,436.87894
1114,440.64243
1115,442.81567
1116,431.6272
1117,464.7908
1118,487.53116
1119,444.5813
1120,457.06525
1121,438.5638
1122,446.6202
1123,435.82407
1124,465.17166
1125,472.26804
1126,434.52036
1127,434.89575
1128,451.5208
1129,472.07266
1130,448.59024
1131,434.10318
1132,436.17227
1133,474.59955
1134,475.6874
1135,463.83353
1136,441.54724
1137,466.29453
1138,478.35724
1139,445.36462
1140,449.59702
1141,473.14133
1142,479.98666
1143,463.72946
1144,435.51144
1145,471.83517
1146,454.41467
1147,432.76978
1148,459.23648
1149,446.4136
1150,442.61383
1151,433.87714
1152,447.253
1153,460.10812
1154,474.13046
1155,447.4306
1156,455.7596
1157,478.8021
1158,447.48837
1159,483.53604
1160,466.66678
1161,480.78824
1162,458.97626
1163,459.37912
1164,471.5562
1165,451.7946
1166,461.16968
1167,432.69928
1168,464.63608
1169,452.52707
1170,468.07748
1171,433.75174
1172,485.06955
1173,461.1432
1174,482.22757
1175,476.98886
1176,466.73117
1177,432.02075
1178,438.80087
1179,433.0026
1180,454.07712
1181,447.01285
1182,478.6684
1183,466.9113
1184,471.95334
1185,455.25607
1186,438.78754
1187,452.41403
1188,446.2217
1189,453.83133
1190,436.88083
1191,481.88058
1192,434.72934
1193,465.60104
1194,433.45853
1195,450.41034
1196,471.82126
1197,457.43655
1198,437.96896
1199,444.41483
1200,476.71085
1201,461.21262
1202,480.04465
1203,442.03207
1204,454.1787
1205,441.12347
1206,458.35294
1207,433.67227
1208,464.48264
1209,465.86554
1210,444.0469
1211,459.21683
1212,434.1166
1213,453.33957
1214,462.05322
1215,470.0015
1216,461.95184
1217,467.63928
1218,441.47116
1219,469.27908
1220,482.22452
1221,468.91342
1222,438.40805
1223,460.2256
1224,441.79443
1225,470.41916
1226,456.4501
1227,466.97324
1228,435.71207
1229,469.2512
1230,480.0851
1231,447.96475
1232,433.0477
1233,463.57278
1234,442.6061
1235,458.5276
1236,478.65286
1237,437.35098
1238,472.47583
1239,444.86014
1240,434.54715
1241,433.3588
1242,436.007
1243,470.93423
1244,433.41162
1245,478.68576
1246,439.4064
1247,440.1613
1248,465.70984
1249,471.5817
1250,454.41098
1251,477.302
1252,467.35254
1253,465.45642
1254,433.9725
1255,463.89462
1256,441.96744
1257,463.1124
1258,438.95087
1259,469.35873
1260,434.94086
1261,466.62265
1262,483.72794
1263,469.56003
1264,457.61502
1265,437.03204
1266,469.6136
1267,449.32047
1268,433.27237
1269,469.97757
1270,434.45877
1271,458.52512
1272,470.06915
1273,435.19138
1274,467.40536
1275,434.73236
1276,443.98996
1277,468.45316
1278,470.69028
1279,473.21628
1280,485.2502
1281,440.43094
1282,451.51273
1283,443.64883
1284,471.32483
1285,438.81693
1286,444.73154
1287,436.17398
1288,457.4725
1289,468.01486
1290,433.0978
1291,460.39365
1292,459.7753
1293,443.07773
1294,470.2788
1295,438.5118
1296,447.6471
1297,432.17484
1298,473.2449
1299,468.51938
1300,434.97354
1301,478.73807
1302,438.42407
1303,444.49582
1304,441.1331
1305,453.483
1306,432.96677
1307,434.60007
1308,448.80173
1309,438.1929
1310,466.88028
1311,434.20605
1312,479.0571
1313,446.0795
1314,472.8244
1315,468.79498
1316,449.61612
1317,459.5237
1318,454.5187
1319,435.25253
1320,436.3671
1321,434.01593
1322,473.37674
1323,469.87817
1324,444.42606
1325,466.284
1326,437.06326
1327,432.46786
1328,459.43878
1329,437.72647
1330,440.1199
1331,449.6821
1332,440.11896
1333,463.32303
1334,437.614
1335,464.2026
1336,451.8084
1337,476.15585
1338,472.9479
1339,467.41
1340,432.60312
1341,438.4076
1342,480.0808
1343,472.75296
1344,466.62436
1345,464.27628
1346,441.8168
1347,473.01764
1348,445.7363
1349,433.1705
1350,469.572
1351,432.5234
1352,446.35593
1353,432.17703
1354,486.12625
1355,444.4365
1356,441.13565
1357,441.107
1358,477.15912
1359,476.08072
1360,466.02686
1361,479.98996
1362,485.1592
1363,452.70908
1364,437.00302
1365,467.39542
1366,432.1915
1367,477.2192
1368,466.85306
1369,466.50967
1370,434.41965
1371,469.46906
1372,476.06406
1373,435.53445
1374,468.0621
1375,441.79703
1376,473.2485
1377,477.01602
1378,446.034
1379,454.02493
1380,445.41718
1381,472.78946
1382,443.1409
1383,437.35757
1384,464.16428
1385,453.5917
1386,451.2772
1387,448.299
1388,456.73477
1389,479.06277
1390,436.4864
1391,435.30014
1392,466.48032
1393,479.05365
1394,466.5499
1395,484.5134
1396,455.51144
1397,452.84152
1398,455.009
1399,487.87198
1400,471.92307
1401,467.93564
1402,469.80432
1403,472.48508
1404,459.52664
1405,437.2217
1406,449.66
1407,450.18118
1408,454.16367
1409,441.0784
1410,433.54532
1411,455.28616
1412,437.1396
1413,476.97293
1414,450.69073
1415,441.37448
1416,470.69293
1417,442.48575
1418,435.85483
1419,467.5978
1420,439.1509
1421,432.6648
1422,474.615
1423,466.6607
1424,443.3547
1425,476.55054
1426,447.9164
1427,455.09067
1428,459.8489
1429,434.0693
1430,437.7314
1431,466.79037
1432,487.04343
1433,460.6147
1434,465.73654
1435,480.52347
1436,465.8632
1437,465.30374
1438,466.7523
1439,481.40457
1440,485.4841
1441,436.01212
1442,437.94916
1443,481.4961
1444,468.3392
1445,455.34268
1446,436.0261
1447,450.1954
1448,446.23404
1449,459.02023
1450,463.2095
1451,449.21616
1452,471.64963
1453,435.51303
1454,456.07407
1455,444.65265
1456,448.79874
1457,446.28702
1458,471.16873
1459,453.45767
1460,435.19614
1461,473.64914
1462,441.76492
1463,464.39566
1464,473.62753
1465,434.80356
1466,461.6896
1467,435.72696
1468,442.42606
1469,435.24506
1470,435.0961
1471,462.60217
1472,473.79376
1473,435.00558
1474,453.49094
1475,433.545
1476,472.58603
1477,433.0928
1478,443.6498
1479,452.6783
1480,435.67145
1481,443.26364
1482,433.24283
1483,443.1118
1484,444.39767
1485,431.86215
1486,445.69354
1487,472.4456
1488,451.59354
1489,435.3713
1490,481.62292
1491,434.8477
1492,440.2969
1493,481.94363
1494,452.2873
1495,465.75064
1496,443.98804
1497,451.43973
1498,433.92593
1499,468.82272
1500,437.46588
1501,444.4638
1502,483.4252
1503,443.9242
1504,448.1401
1505,466.47794
1506,466.09903
1507,475.56882
1508,439.32764
1509,433.27048
1510,445.58932
1511,432.9203
1512,441.85095
1513,465.40958
1514,435.73306
1515,439.57285
1516,451.50537
1517,468.87408
1518,453.47003
1519,457.9697
1520,458.80423
1521,452.39047
1522,443.29507
1523,455.74115
1524,473.77496
1525,482.92175
1526,446.3251
1527,450.11597
1528,435.52255
1529,470.57718
1530,471.4255
1531,452.8505
1532,454.57443
1533,475.7753
1534,447.55667
1535,472.83667
1536,448.75247
1537,478.32605
1538,441.15894
1539,483.44916
1540,445.88657
1541,467.66647
1542,478.09665
1543,465.63553
1544,440.99185
1545,455.6347
1546,450.28854
1547,444.20273
1548,457.42548
1549,452.77042
1550,460.28223
1551,465.173
1552,432.4257
1553,482.7852
1554,447.6807
1555,481.682
1556,448.23483
1557,443.15817
1558,434.63043
1559,480.63428
1560,442.2934
1561,443.53577
1562,457.5482
1563,447.46066
1564,468.85385
1565,476.19995
1566,436.47653
1567,476.43567
1568,481.1601
1569,480.18222
1570,467.90762
1571,466.13492
1572,445.71164
1573,454.47278
1574,436.77963
1575,473.1752
1576,481.88132
1577,471.20865
1578,467.68555
1579,454.43738
1580,479.44223
1581,462.285
1582,447.24365
1583,465.5186
1584,466.22995
1585,462.65463
1586,480.18863
1587,462.4371
1588,471.83588
1589,449.83633
1590,445.0398
1591,468.97678
1592,433.12024
1593,440.957
1594,437.6871
1595,442.08972
1596,446.06375
1597,473.39224
1598,487.8525
1599,432.09427
1600,449.83652
1601,437.1655
1602,442.71173
1603,473.8186
1604,444.31235
1605,474.54483
1606,436.64392
1607,466.77792
1608,450.15292
1609,476.18387
1610,431.94968
1611,470.34854
1612,479.95193
1613,474.74936
1614,483.4996
1615,451.7498
1616,454.96774
1617,435.62943
1618,436.08453
1619,438.1149
1620,456.75412
1621,436.84256
1622,442.097
1623,442.5692
1624,433.0983
1625,471.94992
1626,448.23132
1627,475.35733
1628,450.721
1629,436.57904
1630,445.36557
1631,437.86118
1632,470.80722
1633,433.43387
1634,444.0308
1635,456.51718
1636,471.00183
1637,449.9242
1638,477.19144
1639,437.2542
1640,466.85593
1641,443.19693
1642,450.22354
1643,443.88556
1644,434.73868
1645,437.24057
1646,477.08853
1647,438.34232
1648,474.21844
1649,465.59372
1650,435.3838
1651,457.39456
1652,449.55838
1653,462.6359
1654,437.05447
1655,433.26266
1656,433.9612
1657,461.36575
1658,461.0634
1659,438.63766
1660,461.0902
1661,440.80276
1662,454.01987
1663,484.52084
1664,442.7341
1665,455.7081
1666,460.12973
1667,471.9868
1668,468.52774
1669,468.92682
1670,478.8371
1671,474.57214
1672,448.9632
1673,479.7895
1674,476.88205
1675,443.0704
1676,442.05048
1677,436.1645
1678,482.9552
1679,448.33472
1680,474.48798
1681,434.18826
1682,486.7361
1683,478.22696
1684,472.55875
1685,435.06662
1686,480.41772
1687,473.9648
1688,432.1924
1689,433.45566
1690,434.17688
1691,478.71848
1692,433.95328
1693,483.47202
1694,437.976
1695,480.61917
1696,480.18863
1697,471.88864
1698,461.76062
1699,474.86398
1700,452.50336
1701,445.92502
1702,447.7994
1703,474.13058
1704,467.38324
1705,434.6951
1706,433.8588
1707,455.723
1708,481.0708
1709,440.2806
1710,466.88757
1711,472.688
1712,448.49222
1713,479.18057
1714,486.05026
1715,471.60764
1716,445.84305
1717,451.6408
1718,433.7812
1719,474.29672
1720,465.69455
1721,454.18903
1722,450.5851
1723,449.4326
1724,434.89474
1725,441.6713
1726,434.18192
1727,451.38467
1728,475.3732
1729,470.26138
1730,440.5919
1731,466.44525
1732,478.09592
1733,444.93265
1734,434.413
1735,448.92105
1736,432.5653
1737,479.3854
1738,466.186
1739,451.80594
1740,465.58688
1741,448.57425
1742,433.82404
1743,444.84708
1744,470.2662
1745,472.8312
1746,470.3873
1747,443.90427
1748,454.66046
1749,441.98593
1750,440.0017
1751,457.35947
1752,472.7302
1753,431.3928
1754,468.83627
1755,434.87048
1756,441.43555
1757,446.6873
1758,434.80014
1759,478.64285
1760,474.3959
1761,469.96664
1762,469.26245
1763,434.32535
1764,469.78098
1765,434.64508
1766,444.63916
1767,442.7408
1768,448.05118
1769,442.3528
1770,482.32553
1771,461.54587
1772,432.7648
1773,432.46323
1774,438.44205
1775,455.08603
1776,442.68283
1777,468.37076
1778,433.5632
1779,460.72925
1780,436.00983
1781,445.96988
1782,447.88657
1783,436.57272
1784,434.65115
1785,443.02982
1786,436.2493
1787,434.36493
1788,439.44028
1789,454.2299
1790,444.27994
1791,431.9933
1792,445.10934
1793,473.76782
1794,472.04337
1795,470.218
1796,466.4384
1797,434.8137
1798,435.05762
1799,448.99313
1800,452.89926
1801,482.03024
1802,456.98224
1803,455.15268
1804,482.96304
1805,447.9561
1806,458.83685
1807,480.26025
1808,440.0476
1809,462.3926
1810,454.14462
1811,434.35797
1812,465.86057
1813,435.0726
1814,434.43863
1815,448.3765
1816,444.9777
1817,440.21674
1818,439.41153
1819,439.90753
1820,475.71036
1821,436.14478
1822,451.18246
1823,454.88675
1824,439.16473
1825,454.82797
1826,445.1599
1827,437.71906
1828,481.54727
1829,446.53433
1830,443.90707
1831,440.94217
1832,459.2819
1833,452.18793
1834,460.3529
1835,476.93912
1836,435.18326
1837,480.94882
1838,442.9761
1839,445.49112
1840,444.10312
1841,448.0695
1842,468.53018
1843,458.37216
1844,458.18774
1845,467.78177
1846,475.90802
1847,433.45377
1848,466.3477
1849,471.45316
1850,454.41733
1851,434.31693
1852,477.76056
1853,445.52548
1854,434.12253
1855,444.76437
1856,433.68243
1857,443.31525
1858,468.5125
1859,472.24454
1860,470.41525
1861,458.23123
1862,452.53543
1863,470.0438
1864,466.80002
1865,435.75766
1866,443.70096
1867,444.8112
1868,440.56665
1869,435.3201
1870,444.44766
1871,477.53195
1872,435.48514
1873,468.8633
1874,462.41275
1875,440.0264
1876,458.80746
1877,451.4376
1878,436.3875
1879,465.21362
1880,436.36023
1881,476.05838
1882,433.92038
1883,460.19247
1884,446.39722
1885,441.45905
1886,434.3248
1887,443.79892
1888,432.6886
1889,457.23694
1890,443.1711
1891,485.71805
1892,469.5328
1893,439.43048
1894,459.58545
1895,438.47992
1896,466.624
1897,467.79288
1898,463.2334
1899,433.05093
1900,434.65884
1901,464.4066
1902,473.09897
1903,433.3757
1904,444.27338
1905,473.79468
1906,468.47678
1907,468.8549
1908,458.2999
1909,465.11508
1910,472.81223
1911,443.1061
1912,447.30978
1913,481.36984
1914,468.70438
1915,441.98325
1916,438.09946
1917,441.09238
1918,437.89258
1919,467.41122
1920,462.7283
1921,480.38342
1922,472.61893
1923,466.0489
1924,469.7693
1925,434.15475
1926,490.69308
1927,469.9956
1928,450.80435
1929,474.66684
1930,463.15704
1931,443.71756
1932,462.97382
1933,451.95456
1934,463.24802
1935,470.31577
1936,442.8594
1937,444.57684
1938,463.87302
1939,459.1229
1940,436.72818
1941,479.97696
1942,491.65207
1943,466.01303
1944,434.34958
1945,474.84628
1946,436.9188
1947,469.4847
1948,460.13388
1949,470.95566
1950,436.64523
1951,458.63004
1952,460.4164
1953,468.43246
1954,436.9378
1955,440.6663
1956,434.39597
1957,451.72226
1958,433.89398
1959,433.7973
1960,448.9349
1961,435.46707
1962,437.60352
1963,435.30063
1964,478.62436
1965,466.32925
1966,442.49176
1967,460.6671
1968,464.25223
1969,452.3347
1970,471.80374
1971,472.49164
1972,464.5936
1973,466.5206
1974,446.05017
1975,473.0507
1976,467.39523
1977,440.4995
1978,477.75046
1979,437.4777
1980,434.06137
1981,447.88223
1982,453.48807
1983,452.7231
1984,433.82782
1985,443.97208
1986,434.28693
1987,446.61374
1988,435.3389
1989,445.0245
1990,439.2183
1991,486.764
1992,466.4949
1993,429.897
1994,431.84555
1995,472.65005
1996,470.0566
1997,436.77307
1998,467.82797
1999,485.16733
2000,462.26508
2001,437.33154
2002,432.46457
2003,478.24353
2004,443.92514
2005,448.10214
2006,469.62445
2007,436.69925
2008,467.8868
2009,466.6775
2010,480.34653
2011,445.55124
2012,474.4582
2013,449.14426
2014,444.5591
2015,439.3625
2016,478.98944
2017,449.10828
2018,462.58612
2019,436.64078
2020,445.69284
2021,473.46765
2022,483.02243
2023,444.47806
2024,437.7535
2025,434.88998
2026,474.09604
2027,444.57858
2028,460.79123
2029,444.40533
2030,460.9523
2031,440.90945
2032,463.87576
2033,440.0506
2034,474.7473
2035,465.64432
2036,434.60858
2037,480.0075
2038,465.70694
2039,473.81943
2040,474.3076
2041,464.67047
2042,460.94766
2043,480.12158
2044,438.826
2045,438.23386
2046,450.85196
2047,464.55118
2048,444.2817
2049,437.4025
2050,472.81488
2051,460.98312
2052,460.14777
2053,460.47437
2054,477.34116
2055,445.3611
2056,450.7286
